# 401 point Hankel filter, J0 and J1
# ==================================
#
# Designed and tested for controlled-source electromagnetic data.
#
#
# > Key, K., 2009;
# > 1D inversion of multicomponent, multifrequency marine CSEM data:
# > Methodology and synthetic studies for resolving thin resistive layers;
# > Geophysics, 74(2), F9-F20;
# > DOI: 10.1190/1.3058434
#
#
# Copyright 2009 Kerry Key
#
# This work is licensed under a CC BY 4.0 license.
# <http://creativecommons.org/licenses/by/4.0/>.
#
# This file is part of libdlf.
#
#
# base                    j0                      j1
6.825603376334870e-08   0.000000000000000e+00   0.000000000000000e+00
7.375625734276621e-08   0.000000000000000e+00   0.000000000000000e+00
7.969970121723440e-08   9.824913062932289e-08   0.000000000000000e+00
8.612208106759941e-08   0.000000000000000e+00  -1.761153377678605e-10
9.306199062400369e-08   0.000000000000000e+00   0.000000000000000e+00
1.005611335855232e-07   0.000000000000000e+00   0.000000000000000e+00
1.086645742284082e-07   0.000000000000000e+00   0.000000000000000e+00
1.174210082088922e-07   0.000000000000000e+00   0.000000000000000e+00
1.268830551878997e-07   0.000000000000000e+00   0.000000000000000e+00
1.371075750361032e-07   1.587400592121677e-08   0.000000000000000e+00
1.481560095194920e-07   0.000000000000000e+00   3.440216255617151e-10
1.600947515187244e-07   0.000000000000000e+00   0.000000000000000e+00
1.729955440010014e-07   0.000000000000000e+00   0.000000000000000e+00
1.869359111419852e-07   8.566005894708157e-08   0.000000000000000e+00
2.019996241884814e-07   0.000000000000000e+00  -5.012130889133619e-10
2.182772048613791e-07   0.000000000000000e+00   0.000000000000000e+00
2.358664693239236e-07   0.000000000000000e+00   0.000000000000000e+00
2.548731159841640e-07   4.185852284487868e-08   5.096249946359556e-10
2.754113606638370e-07   0.000000000000000e+00   0.000000000000000e+00
2.976046229505788e-07   6.042919228413999e-08   0.000000000000000e+00
3.215862678579245e-07   0.000000000000000e+00  -5.137927435894773e-10
3.475004072499321e-07   0.000000000000000e+00   0.000000000000000e+00
3.755027658463905e-07   9.223778633040080e-08   4.901252024472790e-10
4.057616170126568e-07   0.000000000000000e+00   0.000000000000000e+00
4.384587939575313e-07   0.000000000000000e+00  -3.412499448385044e-10
4.737907824157171e-07   9.605835817155985e-08   0.000000000000000e+00
5.119699013810637e-07   0.000000000000000e+00   2.331695173457025e-10
5.532255789859379e-07   7.119233736108770e-08   0.000000000000000e+00
5.978057311938045e-07   0.000000000000000e+00  -2.490134046395816e-10
6.459782515899233e-07   1.084534194934211e-07   1.954047749927753e-10
6.980326212227157e-07   2.978122322309773e-08   0.000000000000000e+00
7.542816481697429e-07   0.000000000000000e+00  -8.103005437723991e-11
8.150633472817832e-07   2.229467165084615e-07   0.000000000000000e+00
8.807429714008947e-07  -1.762389145190478e-07   1.279088845538237e-10
9.517152062585649e-07   3.656694527170595e-07  -1.851480627564174e-10
1.028406542243639e-06  -2.190824497653861e-07   1.332990147779435e-10
1.111277837292621e-06   3.591123314594687e-07   0.000000000000000e+00
1.200827086303379e-06  -1.330459122900614e-07  -1.624963592448070e-10
1.297592413714413e-06   2.693078682355359e-07   3.098241711700410e-10
1.402155307232813e-06   0.000000000000000e+00  -4.149316491270542e-10
1.515144112143249e-06   1.681753537860265e-07   4.685626300171698e-10
1.637237807196195e-06   1.292951481169703e-07  -4.712327624043219e-10
1.769170084765623e-06   8.732830659371336e-08   4.305062986549322e-10
1.911733759794935e-06   2.394635732137388e-07  -3.542442130313303e-10
2.065785534025608e-06   3.263161048145093e-08   2.522911525991727e-10
2.232251144137991e-06   3.320472817306875e-07  -1.313966839434664e-10
2.412130924740802e-06   0.000000000000000e+00   0.000000000000000e+00
2.606505819638747e-06   4.140474794253468e-07   1.374783013515889e-10
2.816543877501467e-06  -1.691089584764466e-08  -2.736921677833286e-10
3.043507270968020e-06   4.929867154878337e-07   4.061582817302266e-10
3.288759881366484e-06  -2.351486069903310e-08  -5.279722941941932e-10
3.553775494627146e-06   5.748749293789135e-07   6.386355968571155e-10
3.840146657640719e-06  -2.296118919509815e-08  -7.315427954629247e-10
4.149594248281688e-06   6.634488608548862e-07   8.087932062353638e-10
4.483977816605428e-06  -1.578522272463715e-08  -8.640922282673907e-10
4.845306759362147e-06   7.602932506949016e-07   9.028429079409167e-10
5.235752394978102e-06  -3.950291386691670e-10  -9.186974584267662e-10
5.657661011565692e-06   8.657561597587320e-07   9.208119531836431e-10
6.113567966371402e-06   2.577126803166016e-08  -9.017596435374981e-10
6.606212921388751e-06   9.803339051961460e-07   8.746151932449153e-10
7.138556306690845e-06   6.493462588145047e-08  -8.291880695503223e-10
7.713797110415130e-06   1.105842139938396e-06   7.826366656707373e-10
8.335392102304759e-06   1.182703157662404e-07  -7.199240415978938e-10
9.007076606325931e-06   1.245710190589679e-06   6.630127031117425e-10
9.732886947188948e-06   1.861786291659876e-07  -5.898849811863955e-10
1.051718470566020e-05   1.404457760420360e-06   5.290634200040055e-10
1.136468292842132e-05   2.690715579072592e-07  -4.493240826470479e-10
1.228047444997721e-05   1.587041404534934e-06   3.886261259968761e-10
1.327006249680666e-05   3.680016417418645e-07  -3.037437366057724e-10
1.433939375766396e-05   1.798553595216537e-06   2.460094930171363e-10
1.549489411875887e-05   4.849140624691158e-07  -1.562353890563393e-10
1.674350727855744e-05   2.044272068810943e-06   1.042595244297130e-10
1.809273647424976e-05   6.226640605691353e-07  -9.277742086714826e-12
1.955068957062923e-05   2.329872825482119e-06  -3.359801793948191e-11
2.112612778233479e-05   7.849774436589454e-07   1.346759112142224e-10
2.282851832224015e-05   2.661676063084173e-06  -1.644581113778544e-10
2.466809129236741e-05   9.764401550293115e-07   2.735615970185790e-10
2.665590115919790e-05   3.046886487275798e-06  -2.856750577185324e-10
2.880389318280080e-05   1.202531755803571e-06   4.064174138388151e-10
3.112497519896879e-05   3.493832828910101e-06  -3.956626260990240e-10
3.363309518571897e-05   1.469704682136747e-06   5.339967379460912e-10
3.634332508027547e-05   4.012202093180585e-06  -4.942289770979441e-10
3.927195135021125e-05   1.785529348521925e-06   6.590721699414525e-10
4.243657286301518e-05   4.613260893326240e-06  -5.825238873978475e-10
4.585620664220731e-05   2.158900926480479e-06   7.864186241426929e-10
4.955140214551744e-05   5.310102517657744e-06  -6.626363292105279e-10
5.354436475185514e-05   2.600268757751806e-06   9.225771435176782e-10
5.785908919913498e-05   6.117954165362566e-06  -7.369977848939469e-10
6.252150377482026e-05   3.121898205359148e-06   1.075704953982971e-09
6.755962612566159e-05   7.054521021164678e-06  -8.079491312165849e-10
7.300373162293296e-05   3.738203205552756e-06   1.255853770105183e-09
7.888653529491450e-05   8.140366436119160e-06  -8.775982413533787e-10
8.524338841989974e-05   4.466138097026229e-06   1.475677833588153e-09
9.211249096110730e-05   9.399370737137856e-06  -9.478165158795805e-10
9.953512112007229e-05   5.325632087195220e-06   1.751454564451092e-09
1.075558833879609e-04   1.085928513468306e-05  -1.020150878388706e-09
1.162229765854152e-04   6.340092174159829e-06   2.104270247990516e-09
1.255884835016470e-04   1.255236713273140e-05  -1.095430340362651e-09
1.357086838732945e-04   7.537013084429620e-06   2.561356147221457e-09
1.466443925838176e-04   1.451609696381449e-05  -1.172968828002544e-09
1.584613251157513e-04   8.948708367122905e-06   3.157686036019299e-09
1.712304924519203e-04   1.679400873721405e-05  -1.249340900707534e-09
1.850286277986747e-04   1.061315399682074e-05   3.938151654389299e-09
1.999386476954356e-04   1.943668323451985e-05  -1.316804538118081e-09
2.160501502814794e-04   1.257494571773497e-05   4.960584143866221e-09
2.334599537141681e-04   2.250293226239968e-05  -1.361050365193285e-09
2.522726779741279e-04   1.488640124393654e-05   6.299594474808514e-09
2.726013735535827e-04   2.606118359025671e-05  -1.357732636276717e-09
2.945682008058004e-04   1.760885939507792e-05   8.051372567815041e-09
3.183051640380327e-04   3.019107498684298e-05  -1.267357938643338e-09
3.439549047593057e-04   2.081422548042667e-05   1.034000380570114e-08
3.716715588498817e-04   3.498528720118145e-05  -1.028333203364199e-09
4.016216828033581e-04   2.458680024846277e-05   1.332639788605693e-08
4.339852546074165e-04   4.055166655188445e-05  -5.481128505786461e-10
4.689567552777785e-04   2.902542214383600e-05   1.722132657425943e-08
5.067463375445843e-04   4.701571256263205e-05   3.079572462647345e-10
5.475810887141261e-04   3.424594329627977e-05   2.230389235352557e-08
5.917063952947988e-04   5.452351542272840e-05   1.731612035551629e-09
6.393874175876612e-04   4.038409635240394e-05   2.894640331467214e-08
6.909106831027882e-04   6.324519057873240e-05   3.992876253106220e-09
7.465858083766792e-04   4.759885125947362e-05   3.764713519770196e-08
8.067473595375511e-04   7.337888648387832e-05   7.470342606008511e-09
8.717568627991351e-04   5.607631517546404e-05   4.907355253852564e-08
9.420049769645596e-04   8.515549372910889e-05   1.269390990642245e-08
1.017913840995439e-03   6.603428945751648e-05   6.411984689966026e-08
1.099939610753318e-03   9.884406328190645e-05   2.040424455749986e-08
1.188575200157420e-03   7.772775341712903e-05   8.398456134765634e-08
1.284353243230985e-03   1.147579427511257e-04   3.163423793932673e-08
1.387849294835929e-03   9.145538883362232e-05   1.102763405195791e-07
1.499685289329845e-03   1.332619721204058e-04   4.782016944498328e-08
1.620533277929307e-03   1.075670047677990e-04   1.451576997806275e-07
1.751119467238237e-03   1.547811559467743e-04   7.095396726449770e-08
1.892228583209940e-03   1.264719996713977e-04   1.915405053682995e-07
2.044708586766894e-03   1.798108274980929e-04   1.037907010433357e-07
2.209475769415756e-03   1.486493783884393e-04   2.533530424909100e-07
2.387520259478373e-03   2.089282897741272e-04   1.501316966404849e-07
2.579911972027180e-03   1.746596606473501e-04   3.359015461416407e-07
2.787807038279695e-03   2.428062685411137e-04   2.152163676698347e-07
3.012454753087960e-03   2.051588438598003e-04   4.463548364795692e-07
3.255205082272187e-03   2.822286254590445e-04   3.062649070955455e-07
3.517516774912128e-03   2.409146476076457e-04   5.943990986479385e-07
3.800966129344984e-03   3.281087927133202e-04   4.332201278554725e-07
4.107256465546973e-03   2.828254175118406e-04   7.931323845043337e-07
4.438228360820604e-03   3.815112277320206e-04   6.097551748617194e-07
4.795870710296421e-03   3.319424735329088e-04   1.060288415924516e-06
5.182332678714725e-03   4.436760084416005e-04   8.546425300312143e-07
5.599936615308509e-03   3.894966102002753e-04   1.419911983644722e-06
6.051192009396498e-03   5.160474740163103e-04   1.193611725125921e-06
6.538810570549064e-03   4.569285549031484e-04   1.904650353313021e-06
7.065722523947535e-03   6.003086167616667e-04   1.661883236417129e-06
7.635094218859962e-03   5.359233992792353e-04   2.558861699766762e-06
8.250347156047146e-03   6.984220304753900e-04   2.307654632812588e-06
8.915178548439553e-03   6.284506339729007e-04   3.442811157821135e-06
9.633583538639471e-03   8.126770850250102e-04   3.196895656510743e-06
1.040987920675908e-02   7.368119832657103e-04   4.638358992076794e-06
1.124873051286366e-02   9.457437019690870e-04   4.419902312928682e-06
1.215517832991493e-02   8.636982308314989e-04   6.256715142637839e-06
1.313466973567140e-02   1.100734372093935e-03   6.100218940817017e-06
1.419309074557768e-02   1.012255913625649e-03   8.449032402277294e-06
1.533680168334325e-02   1.281276054621223e-03   8.406776377975507e-06
1.657267540176125e-02   1.186165424832822e-03   1.142087099410692e-05
1.790813858344623e-02   1.491593633007820e-03   1.157042201253195e-05
1.935121636967760e-02   1.389731874050673e-03   1.545191683298927e-05
2.091058058553484e-02   1.736607751791357e-03   1.590647868284089e-05
2.259560185112186e-02   1.627989098002781e-03   2.092279678518197e-05
2.441640589203004e-02   2.022051249754969e-03   2.184558773386808e-05
2.638393438742415e-02   1.906816944033515e-03   2.835151124366015e-05
2.851001072140295e-02   2.354607536102306e-03   2.997585693259872e-05
3.080741103275108e-02   2.233075556223528e-03   3.844299184771377e-05
3.328994099003863e-02   2.742069502777252e-03   4.110034139799833e-05
3.597251875342965e-02   2.614764820469374e-03   5.215663114685968e-05
3.887126462173843e-02   3.193516622456554e-03   5.631528820209043e-05
4.200359790344555e-02   3.061214433236700e-03   7.079837414439344e-05
4.538834159379689e-02   3.719512717457636e-03   7.711659421807641e-05
4.904583548701673e-02   3.583305236990679e-03   9.614618225427727e-05
5.299805840335580e-02   4.332330454742194e-03   1.055447661767286e-04
5.726876026546736e-02   4.193717895916075e-03   1.306206751127902e-04
6.188360481779279e-02   5.046212230367296e-03   1.443823581310115e-04
6.687032384659380e-02   4.907200820233952e-03   1.775170452103382e-04
7.225888382737922e-02   5.877674969863473e-03   1.974225796898412e-04
7.808166600115317e-02   5.740851469703553e-03   2.413201291349723e-04
8.437366096160970e-02   6.845854941792223e-03   2.698342899158978e-04
9.117267892259785e-02   6.714414341214463e-03   3.281318482161766e-04
9.851957692940828e-02   7.972865827753512e-03   3.686575352518240e-04
1.064585043792528e-01   7.850607650897248e-03   4.462498902719190e-04
1.150371683263324e-01   9.284131207419897e-03   5.034750551777089e-04
1.243071201657794e-01   9.175463215382743e-03   6.069499176331384e-04
1.343240654192323e-01   1.080866736231174e-02   6.873187128242988e-04
1.451481984836237e-01   1.071861578305127e-02   8.255410973454176e-04
1.568445643547723e-01   1.257928364139867e-02   9.378875323431232e-04
1.694834494994701e-01   1.251344881977102e-02   1.122784104067260e-03
1.831408042249150e-01   1.463261489338917e-02   1.279178262961256e-03
1.978986990836147e-01   1.459697067058206e-02   1.526781204453462e-03
2.138458180564171e-01   1.700882559413141e-02   1.743655859738250e-03
2.310779914773302e-01   1.700922269488248e-02   2.075473273444583e-03
2.496987719026136e-01   1.975072507757058e-02   2.375110960283700e-03
2.698200563846869e-01   1.979189868224237e-02   2.819903510936917e-03
2.915627588902595e-01   2.290187743495209e-02   3.232361399449634e-03
3.150575369034133e-01   2.298566772167304e-02   3.828410021593598e-03
3.404455765799855e-01   2.650305108874451e-02   4.393943043291972e-03
3.678794411714423e-01   2.662540459598260e-02   5.191863182780206e-03
3.975239878166446e-01   3.058599251785477e-02   5.963857250198409e-03
4.295573582107391e-01   3.073210898400032e-02   7.029925656135096e-03
4.641720491043618e-01   3.516298150334437e-02   8.078221794986575e-03
5.015760690660556e-01   3.529966137617352e-02   9.497983356558860e-03
5.419941884591870e-01   4.020993030999442e-02   1.091218414985025e-02
5.856692901447937e-01   4.027366645135865e-02   1.279369144280816e-02
6.328638290270813e-01   4.563986763942291e-02   1.468546702846075e-02
6.838614092123558e-01   4.551858910431959e-02   1.716070017133079e-02
7.389684882589442e-01   5.126253569381094e-02   1.966301954392782e-02
7.985162187593771e-01   5.076838045690198e-02   2.288457156694697e-02
8.628624383213754e-01   5.672499952578218e-02   2.614381914454830e-02
9.323938199059482e-01   5.555543753580153e-02   3.027139461924632e-02
1.007528195444534e+00   6.142864225226326e-02   3.442503605732608e-02
1.088717066698399e+00   5.911480957167643e-02   3.959217858802792e-02
1.176448318448691e+00   6.442218515556448e-02   4.471956265829849e-02
1.271249150321405e+00   6.026861996000471e-02   5.096501947760914e-02
1.373689244865351e+00   6.428390136013452e-02   5.699213341078931e-02
1.484384190920914e+00   5.731690882023245e-02   6.413328819589428e-02
1.603999182851514e+00   5.903878467303038e-02   7.066611680136001e-02
1.733253017867395e+00   4.800846542566535e-02   7.808858155732867e-02
1.872922415462686e+00   4.622345209535847e-02   8.415253392588408e-02
2.023846684922348e+00   2.975631767989811e-02   9.050430770970036e-02
2.186932768947246e+00   2.332973372901844e-02   9.420119432022898e-02
2.363160693705795e+00   4.075631045367046e-04   9.704525747507635e-02
2.553589458062927e+00  -1.097998927420109e-02   9.525207334318243e-02
2.759363397376282e+00  -3.996770310336364e-02   9.091107970583592e-02
2.981719060101298e+00  -5.439690105073641e-02   7.941214687854993e-02
3.221992638528500e+00  -8.586172077870871e-02   6.360896948482617e-02
3.481627998306172e+00  -9.710630904000793e-02   3.851999787085855e-02
3.762185354999911e+00  -1.221886100159675e-01   8.930119389229475e-03
4.065350649828702e+00  -1.181757180654116e-01  -2.931232114631221e-02
4.392945680918757e+00  -1.226608581391981e-01  -6.745472857764939e-02
4.746939050956379e+00  -8.819223320765970e-02  -1.071387129122266e-01
5.129457997027160e+00  -5.976246996708556e-02  -1.337787672525563e-01
5.542801173730021e+00   1.003867346106077e-02  -1.467487065654186e-01
5.989452466383113e+00   6.143837055743897e-02  -1.280178925639679e-01
6.472095917328692e+00   1.358126160861001e-01  -8.266114319901335e-02
6.993631855032968e+00   1.546019688831242e-01  -1.829018947010989e-03
7.557194322904825e+00   1.597454471983037e-01   8.538653035086596e-02
8.166169912567650e+00   7.378168765574926e-02   1.634948424549636e-01
8.824218114758272e+00  -2.155543820940989e-02   1.768283682900049e-01
9.535293310146759e+00  -1.576840287359735e-01   1.165478617534897e-01
1.030366853222556e+01  -1.867618104598368e-01  -2.909864536607605e-02
1.113396114506531e+01  -1.378646829885588e-01  -1.650763395456089e-01
1.203116059024153e+01   6.349123295842654e-02  -2.108189429067250e-01
1.300065836967064e+01   1.950187860384398e-01  -6.548403763878953e-02
1.404828044452976e+01   1.936424769502024e-01   1.474231756411919e-01
1.518032224495389e+01  -7.533434525407418e-02   2.387075880611132e-01
1.640358650089262e+01  -2.318813953601980e-01   8.364392500807047e-03
1.772542412146164e+01  -1.072893080046963e-01  -2.375301184090862e-01
1.915377836844383e+01   2.602429230035626e-01  -1.324045834042435e-01
2.069723258938951e+01   1.145512544892857e-01   2.623684401711879e-01
2.236506179715657e+01  -2.400299276793784e-01   9.558257428232823e-02
2.416728840584508e+01  -8.781414190173367e-02  -2.795911533969242e-01
2.611474245805797e+01   3.482215332524013e-01   4.155824322494574e-02
2.821912670540861e+01  -2.648837943057846e-01   2.715606356255319e-01
3.049308693336139e+01   1.177899549516786e-02  -3.742520323983440e-01
3.295028795300461e+01   1.809751035116563e-01   2.853293391721109e-01
3.560549571641010e+01  -2.458202901044509e-01  -1.417457299548064e-01
3.847466604903214e+01   2.258610969476037e-01   3.117732200130105e-02
4.157504053236070e+01  -1.773155121294782e-01   2.889458199693983e-02
4.492525011301342e+01   1.311747401438518e-01  -5.278084724642508e-02
4.854542706087923e+01  -9.665134793648206e-02   5.771601780075224e-02
5.245732594909905e+01   7.308596000248034e-02  -5.477531833561626e-02
5.668445438288377e+01  -5.738192263561636e-02   4.939546060797920e-02
6.125221426275198e+01   4.678168146095997e-02  -4.378947822887341e-02
6.618805443107456e+01  -3.939779158727641e-02   3.869238569366965e-02
7.152163561921920e+01   3.405264070131274e-02  -3.425716943762586e-02
7.728500868650357e+01  -3.003070542957877e-02   3.044093551672354e-02
8.351280722204120e+01   2.689468371509007e-02  -2.715226194815648e-02
9.024245566687466e+01  -2.437148059023670e-02   2.430080341386173e-02
9.751439420705401e+01   2.228571230862690e-02  -2.181052920166688e-02
1.053723217891024e+02  -2.052141594646854e-02   1.962073026812987e-02
1.138634587182101e+02   1.899976167605663e-02  -1.768361271316385e-02
1.230388304171765e+02  -1.766579040557837e-02   1.596144663779621e-02
1.329535740512827e+02   1.648030895118207e-02  -1.442412760579961e-02
1.436672698616796e+02  -1.541479785692305e-02   1.304729403368628e-02
1.552442991983601e+02   1.444812372540324e-02  -1.181093160074335e-02
1.677542314042285e+02  -1.356436078983561e-02   1.069835428430446e-02
1.812722418751512e+02   1.275131275416127e-02  -9.695462302234538e-03
1.958795638082189e+02  -1.199948916264833e-02   8.790199228345667e-03
2.116639763528940e+02   1.130138518277636e-02  -7.972150985921739e-03
2.287203320984661e+02  -1.065096922990164e-02   7.232245468946166e-03
2.471511270676237e+02   1.004331590462835e-02  -6.562523603657329e-03
2.670671166413821e+02  -9.474341780324707e-03   5.955961653845067e-03
2.885879811166153e+02   8.940614242462378e-03  -5.406331000039078e-03
3.118430448957007e+02  -8.439212039530420e-03   4.908085823543291e-03
3.369720536300714e+02   7.967622109909870e-03  -4.456271717308975e-03
3.641260139877280e+02  -7.523661440170574e-03   4.046450048794231e-03
3.934681010910957e+02   7.105415845769664e-03  -3.674634444757500e-03
4.251746390782468e+02  -6.711190184736050e-03   3.337237040467819e-03
4.594361606799342e+02   6.339466716099865e-03  -3.031022902436713e-03
4.964585521797127e+02  -5.988869875713372e-03   2.753071298464685e-03
5.364642906374987e+02   5.658136700741345e-03  -2.500742536477930e-03
5.796937808113659e+02  -5.346092874868108e-03   2.271649199484839e-03
6.264067998114887e+02   5.051634994011519e-03  -2.063630842184971e-03
6.768840581675209e+02  -4.773719694137324e-03   1.874731507609227e-03
7.314288866902692e+02   4.511359360882715e-03  -1.703179664969160e-03
7.903690592644506e+02  -4.263622706076311e-03   1.547370305159833e-03
8.540587625261516e+02   4.029637517014100e-03  -1.405848965175527e-03
9.228807242613036e+02  -3.808592909460376e-03   1.277297436350464e-03
9.972485133152526e+02   3.599739234584605e-03  -1.160520897100170e-03
1.077609024834175e+03  -3.402384890213290e-03   1.054436232968270e-03
1.164445165772805e+03   3.215890296536024e-03  -9.580613717996333e-04
1.258278756806354e+03  -3.039660023908146e-03   8.705055444165467e-04
1.359673668084992e+03   2.873134442084575e-03  -7.909604401097324e-04
1.469239207674401e+03  -2.715782351627641e-03   7.186922398324291e-04
1.587633783044448e+03   2.567095892455205e-03  -6.530344915884751e-04
1.715568857608799e+03  -2.426588488831973e-03   5.933817682686722e-04
1.853813226091298e+03   2.293795626711503e-03  -5.391840290971849e-04
2.003197634410938e+03  -2.168277194783892e-03   4.899415886335732e-04
2.164619771847478e+03   2.049619594802782e-03  -4.452005847911536e-04
2.339049665486888e+03  -1.937436245806754e-03   4.045488440443307e-04
2.527535509363266e+03   1.831366196380340e-03  -3.676120749678280e-04
2.731209963326043e+03  -1.731071555824182e-03   3.340503647933679e-04
2.951296959483918e+03   1.636234772852003e-03  -3.035549812866991e-04
3.189119057127294e+03  -1.546556467549061e-03   2.758454813737592e-04
3.446105390326745e+03   1.461754019926524e-03  -2.506671088369273e-04
3.723800255966753e+03  -1.381560792781408e-03   2.277884460323346e-04
4.023872393822313e+03   1.305725738551140e-03  -2.069992810457240e-04
4.348125014444879e+03  -1.234013089394381e-03   1.881086606885530e-04
4.698506635117757e+03   1.166201823788569e-03  -1.709431124465889e-04
5.077122788996905e+03  -1.102084687325930e-03   1.553450267830473e-04
5.486248677800499e+03   1.041466730622445e-03  -1.411711924592810e-04
5.928342844080489e+03  -9.841635538957642e-04   1.282914747613330e-04
6.406061945236226e+03   9.299996161562829e-04  -1.165876238497402e-04
6.922276718051178e+03  -8.788069763395656e-04   1.059521991589964e-04
7.480089229687659e+03   8.304246517808708e-04  -9.628759515338238e-05
8.082851518805124e+03  -7.846985037183290e-04   8.750515384295626e-05
8.734185738821492e+03   7.414813684955915e-04  -7.952435126636077e-05
9.438005924363450e+03  -7.006331617591514e-04   7.227204913633232e-05
1.019854151170577e+04   6.620208464608574e-04  -6.568180805443277e-05
1.102036275454031e+04  -6.255183200732592e-04   5.969326263717584e-05
1.190840818780434e+04   5.910063209799918e-04  -5.425155895475095e-05
1.286801430460541e+04  -5.583723812133077e-04   4.930685077009869e-05
1.390494762457918e+04   5.275107580030028e-04  -4.481384639404849e-05
1.502543934638713e+04  -4.983222495996592e-04   4.073139627769274e-05
1.623622279258970e+04   4.707138540343669e-04  -3.702211350786090e-05
1.754457387191111e+04  -4.445983047168279e-04   3.365202295484529e-05
1.895835480204384e+04   4.198935530394733e-04  -3.059023779502484e-05
2.048606135573400e+04  -3.965222590204658e-04   2.780866410092890e-05
2.213687391406209e+04   3.744113329795447e-04  -2.528173545505838e-05
2.392071263371084e+04  -3.534915670228068e-04   2.298617982129317e-05
2.584829705973495e+04   3.336973877578390e-04  -2.090081950209839e-05
2.793121054206043e+04  -3.149667279395557e-04   1.900640153317426e-05
3.018196984280969e+04   2.972409648555553e-04  -1.728545097076178e-05
3.261410035274024e+04  -2.804648423393001e-04   1.572213560023288e-05
3.524221736879158e+04   2.645863035783382e-04  -1.430213090870262e-05
3.808211392115859e+04  -2.495562056240159e-04   1.301247986370528e-05
4.115085567766677e+04   2.353279391742063e-04  -1.184145017024185e-05
4.446688349575319e+04  -2.218570165506096e-04   1.077839734116676e-05
4.805012423831561e+04   2.091007054227963e-04  -9.813642618247219e-06
5.192211051935027e+04  -1.970177752442844e-04   8.938371729153144e-06
5.610611009895962e+04   1.855683950070826e-04  -8.144555804633981e-06
6.062726570529947e+04  -1.747141837505830e-04   7.424890780058305e-06
6.551274612369082e+04   1.644183743725741e-04  -6.772748023670692e-06
7.079190946082873e+04  -1.546460137084759e-04   6.182129388552279e-06
7.649647956518646e+04   1.453641062486393e-04  -5.647624656180153e-06
8.266073666376984e+04  -1.365416355278548e-04   5.164374046764935e-06
8.932172336080558e+04   1.281494594613588e-04  -4.728037195336446e-06
9.651946723626507e+04  -1.201601331637577e-04   4.334761689817321e-06
1.042972213818742e+05   1.125477274134751e-04  -3.981136442356169e-06
1.127017243200503e+05  -1.052876878881750e-04   3.664118637205433e-06
1.217834808676890e+05   9.835675748306749e-05  -3.380939384592361e-06
1.315970656325818e+05  -9.173298412621861e-05   3.129009529723152e-06
1.422014509662509e+05   8.539584183369774e-05  -2.905847492954934e-06
1.536603613439579e+05  -7.932647157887555e-05   2.709034327844308e-06
1.660426563014429e+05   7.350799507002284e-05  -2.536183084429876e-06
1.794227442295626e+05  -6.792579804522193e-05   2.384905895111026e-06
1.938810295134221e+05   6.256766460994959e-05  -2.252772087223033e-06
2.095043957029773e+05  -5.742369885284320e-05   2.137259365710216e-06
2.263867276186048e+05   5.248607676312167e-05  -2.035698487395405e-06
2.446294755291000e+05  -4.774876610278635e-05   1.945208220753021e-06
2.643422647924012e+05   4.320737034558452e-05  -1.862627051737732e-06
2.856435546225249e+05  -3.885918466176108e-05   1.784472814922380e-06
3.086613499414067e+05   3.470344555454732e-05  -1.706983978589542e-06
3.335339705933576e+05  -3.074167696093530e-05   1.626297101583022e-06
3.604108825445382e+05   2.697802016509551e-05  -1.538789746921996e-06
3.894535960623372e+05  -2.341946443717172e-05   1.441575114294373e-06
4.208366362720539e+05   2.007591620962982e-05  -1.333077139855850e-06
4.547485919232073e+05  -1.696002345446848e-05   1.213536734497111e-06
4.913932486677662e+05   1.408663272782194e-05  -1.085223736705093e-06
5.309908136604783e+05  -1.147175200077509e-05   9.521451230126823e-07
5.737792388402272e+05   9.130950853154427e-06  -8.192296419664399e-07
6.200156508443463e+05  -7.077245367140833e-06   6.912547372495382e-07
6.699778961486300e+05   5.318671603956403e-06  -5.719422069867315e-07
7.239662107181761e+05  -3.855913768030704e-06   4.635461014353267e-07
7.823050242024113e+05   2.680452779662483e-06  -3.669835113430816e-07
8.453449095161883e+05  -1.773679649172923e-06   2.823229600705464e-07
9.134646895224825e+05   1.107284379526082e-06  -2.093541854410099e-07
9.870737134762700e+05  -6.450375038180866e-07   1.479865821668501e-07
1.066614316909347e+06   3.458519700889004e-07  -9.831343971854163e-08
1.152564479738165e+06  -1.677370250259620e-07   6.033173947686275e-08
1.245440698567906e+06   7.195813987460663e-08  -3.349527235750482e-08
1.345801090453257e+06  -2.650936383269536e-08   1.640107598073682e-08
1.454248746767143e+06   8.053026529021296e-09  -6.856420858188184e-09
1.571435357331702e+06  -1.901548822685746e-09   2.340536901536035e-09
1.698065126589807e+06   3.176144531356312e-10  -6.097093750212437e-10
1.834899005350438e+06  -3.147399480514734e-11   1.074334228952679e-10
1.982759263537569e+06   1.181734681811153e-12  -9.576603341064843e-12
