# 601 point Fourier filter, Sine and Cosine
# =========================================
#
# Designed and tested for controlled-source electromagnetic data.
#
#
# > Key, K., 2009;
# > 1D inversion of multicomponent, multifrequency marine CSEM data:
# > Methodology and synthetic studies for resolving thin resistive layers;
# > Geophysics, 74(2), F9-F20;
# > DOI: 10.1190/1.3058434
#
#
# Copyright 2009 Kerry Key
#
# This work is licensed under a CC BY 4.0 license.
# <http://creativecommons.org/licenses/by/4.0/>.
#
# This file is part of libdlf.
#
#
# base                    sin                     cos
4.193795658379545e-13   8.359261159716757e-12   9.297394385722251e-09
4.611744532326466e-13  -9.220758632982218e-11  -9.331225377780101e-08
5.071345712552199e-13   5.077803827675346e-10   4.720122900065709e-07
5.576750220213815e-13  -1.867552463969512e-09  -1.613118471395310e-06
6.132522762484560e-13   5.172013211121000e-09   4.212303970960659e-06
6.743682960028553e-13  -1.150520169188055e-08  -9.009536457681384e-06
7.415750683158400e-13   2.133505606536172e-08   1.651602857948675e-05
8.154795906142572e-13  -3.356235702475845e-08  -2.679596886705627e-05
8.967493529935761e-13   4.458152579281038e-08   3.940422339703118e-05
9.861183668479918e-13  -4.764384505735926e-08  -5.347974004860014e-05
1.084393794306884e-12   3.285802030700915e-08   6.791971721071075e-05
1.192463238353357e-12   1.170416876881884e-08  -8.155130316929276e-05
1.311302759467621e-12  -9.728694589481136e-08   9.326403165364431e-05
1.441985691199862e-12   2.302363895145795e-07  -1.021242360378208e-04
1.585692334293061e-12  -4.079555605183399e-07   1.075044839800603e-04
1.743720616910949e-12   6.177404179101450e-07  -1.092079615834928e-04
1.917497817252074e-12  -8.399063799040625e-07   1.075143562399657e-04
2.108593454426215e-12   1.053635465227130e-06  -1.030950944755197e-04
2.318733464020732e-12  -1.242201580787086e-06   9.682549682891237e-05
2.549815786387618e-12   1.395188292393633e-06  -8.957830794965313e-05
2.803927508441469e-12  -1.507739153919925e-06   8.207447336214694e-05
3.083363713789339e-12   1.578670342496271e-06  -7.481894657743579e-05
3.390648211442950e-12  -1.609330769274755e-06   6.810717196176212e-05
3.728556330330719e-12   1.603704787813562e-06  -6.207122775612170e-05
4.100139985484672e-12  -1.568787772955808e-06   5.673730708926640e-05
4.508755242294825e-12   1.514057996940974e-06  -5.207534712599374e-05
4.958092627785737e-12  -1.449859436884266e-06   4.803123832785169e-05
5.452210462680048e-12   1.385471476675003e-06  -4.454126647913836e-05
5.995571515297294e-12  -1.327714396862736e-06   4.153626254546913e-05
6.593083308338489e-12   1.280365531766066e-06  -3.894484241413979e-05
7.250142442598540e-12  -1.244157111494832e-06   3.670018212582626e-05
7.972683337929069e-12   1.217066071485304e-06  -3.474760669238406e-05
8.767231831670027e-12  -1.194813140091078e-06   3.304789032391324e-05
9.640964118639377e-12   1.171619350554489e-06  -3.157405118447008e-05
1.060177156501484e-11  -1.141245957443412e-06   3.030417050465031e-05
1.165833198149268e-11   1.098300017169870e-06  -2.921456228037889e-05
1.282018799944826e-11  -1.039677652165878e-06   2.827644329587734e-05
1.409783325797471e-11   9.657023972020309e-07  -2.745628846010215e-05
1.550280718022315e-11  -8.802859741190706e-07   2.671857445706401e-05
1.704779919504490e-11   7.898002965067069e-07  -2.602920102778078e-05
1.874676334524281e-11  -7.011502922371117e-07   2.535888695808226e-05
2.061504431754968e-11   6.199819174236849e-07  -2.468607273662796e-05
2.266951603261053e-11  -5.496364964808038e-07   2.399924035665649e-05
2.492873404668339e-11   4.908282495265287e-07  -2.329770267206565e-05
2.741310314151893e-11  -4.417340889517205e-07   2.259026462846769e-05
3.014506161605645e-11   3.983234968951235e-07  -2.189149146666980e-05
3.314928394441855e-11  -3.549443284917371e-07   2.121716386042521e-05
3.645290363056936e-11   3.052022769579055e-07  -2.058041892479830e-05
4.008575827241402e-11  -2.431179353674635e-07   1.999003726593088e-05
4.408065904870462e-11   1.644925081929142e-07  -1.945035041059098e-05
4.847368706270256e-11  -6.826180446676947e-08   1.896225718089684e-05
5.330451921911242e-11  -4.267370024343952e-08  -1.852396425633805e-05
5.861678657753666e-11   1.617586507674555e-07   1.813163216467783e-05
6.445846841902501e-11  -2.803722965853880e-07  -1.777965071578391e-05
7.088232558484702e-11   3.900333484620099e-07   1.746165236340568e-05
7.794637700130874e-11  -4.841854682231028e-07  -1.717168150623305e-05
8.571442369448666e-11   5.589285654245779e-07   1.690577970679105e-05
9.425662502767281e-11  -6.127907934111358e-07  -1.666244997183115e-05
1.036501323659809e-10   6.460770598217428e-07   1.644257988471772e-05
1.139797858912439e-10  -6.602760649580756e-07  -1.624809220129749e-05
1.253388808606835e-10   6.576736756258753e-07   1.608102355458193e-05
1.378300102300461e-10  -6.410565760810279e-07  -1.594231869044314e-05
1.515659912515919e-10   6.134062518391666e-07   1.583185544264933e-05
1.666708844157782e-10  -5.776817085420256e-07  -1.574816191054980e-05
1.832811139395095e-10   5.368478628585665e-07   1.568924212529655e-05
2.015466999209584e-10  -4.940575236587126e-07  -1.565249673434141e-05
2.216326132895250e-10   4.526353300864370e-07   1.563547180372210e-05
2.437202657885651e-10  -4.156542601539313e-07  -1.563521991811041e-05
2.680091484480837e-10   3.853255033044642e-07   1.564873612274880e-05
2.947186333457411e-10  -3.626302817958946e-07  -1.567205863642941e-05
3.240899549293070e-10   3.474120702880588e-07   1.570100094942606e-05
3.563883887954330e-10  -3.388116026167377e-07  -1.573043759313864e-05
3.919056476030219e-10   3.357822909548376e-07   1.575568901623209e-05
4.309625157605925e-10  -3.374961146308590e-07  -1.577234363472105e-05
4.739117466835593e-10   3.435828525769017e-07   1.577855848555620e-05
5.211412487888540e-10  -3.542138677132927e-07  -1.577469454094538e-05
5.730775890021381e-10   3.700334924559362e-07   1.576464133524747e-05
6.301898454205201e-10  -3.919101945347247e-07  -1.575311215656368e-05
6.929938439272241e-10   4.204777209363843e-07   1.574557219403314e-05
7.620568170224476e-10  -4.555173491852289e-07  -1.574501141478538e-05
8.380025269479489e-10   4.954154485992529e-07   1.575350655562779e-05
9.215168993763617e-10  -5.370620929924017e-07  -1.577039802560470e-05
1.013354218547565e-09   5.764057986537222e-07   1.579548543552833e-05
1.114343939805221e-09  -6.094701875560272e-07  -1.582697025278861e-05
1.225398181062923e-09   6.332893162659519e-07   1.586471505025963e-05
1.347519960861261e-09  -6.462326093266543e-07  -1.590700358321762e-05
1.481812257420264e-09   6.475753791361509e-07   1.595395944834813e-05
1.629487970506598e-09  -6.366371781051364e-07  -1.600347227749585e-05
1.791880876089040e-09   6.120491507565731e-07   1.605550830902334e-05
1.970457672722430e-09  -5.716595544868212e-07  -1.610747055867073e-05
2.166831228460398e-09   5.133516840288774e-07   1.615951511314031e-05
2.382775147940245e-09  -4.366225654466551e-07  -1.620878072415450e-05
2.620239791206898e-09   3.441541239853112e-07   1.625562358329816e-05
2.881369888954443e-09  -2.422778905407855e-07  -1.629669100596089e-05
3.168523913282466e-09   1.397790651787136e-07   1.633276432502889e-05
3.484295378919872e-09  -4.560549166906710e-08  -1.636065015813141e-05
3.831536267304207e-09  -3.328991221128148e-08   1.638259866975109e-05
4.213382785077881e-09   9.304779181335509e-08  -1.639607578668321e-05
4.633283689646769e-09  -1.328140937569905e-07   1.640462724001378e-05
5.095031437631424e-09   1.539166770440108e-07  -1.640521769213474e-05
5.602796437537268e-09  -1.588634375317458e-07   1.640152929507142e-05
6.161164716006833e-09   1.505235965755548e-07  -1.638920820170809e-05
6.775179337847431e-09  -1.316171002396016e-07   1.637250343735157e-05
7.450385953931326e-09   1.044904524158723e-07  -1.634655518077729e-05
8.192882888347710e-09  -7.109829024369389e-08   1.631719045165813e-05
9.009376217182704e-09   3.308802429746560e-08  -1.627909407619066e-05
9.907240336387463e-09   8.116007277443925e-09   1.623957286491315e-05
1.089458456577097e-08  -5.129436354707441e-08  -1.619224661741716e-05
1.198032639067020e-08   9.547883951893789e-08   1.614597203081240e-05
1.317427200280147e-08  -1.400131020366568e-07  -1.609315597940615e-05
1.448720486772051e-08   1.845767969781941e-07   1.604474827158578e-05
1.593098311881483e-08  -2.291551421651494e-07  -1.599187711961352e-05
1.751864665746923e-08   2.739695597209863e-07   1.594805230156663e-05
1.926453492671132e-08  -3.193993375150602e-07  -1.590248899171649e-05
2.118441642204417e-08   3.659197536698852e-07   1.587071183503557e-05
2.329563110917976e-08  -4.140702925835591e-07  -1.583788239180818e-05
2.561724703496062e-08   4.644569907056792e-07   1.582031406961812e-05
2.817023254594732e-08  -5.177839547050174e-07  -1.579770001003802e-05
3.097764567011258e-08   5.748940271338283e-07   1.578819150667827e-05
3.406484237209804e-08  -6.367794146115784e-07  -1.576669107885469e-05
3.745970556295245e-08   7.045100842150862e-07   1.575546447182241e-05
4.119289693271730e-08  -7.790327824396196e-07  -1.572497066339458e-05
4.529813388035942e-08   8.608484724152268e-07   1.570306689826559e-05
4.981249404222491e-08  -9.496971114086013e-07  -1.565481680735495e-05
5.477675016944901e-08   1.044466202061779e-06   1.561443687682504e-05
6.023573837886479e-08  -1.143447813205447e-06  -1.554002127587872e-05
6.623876310337785e-08   1.244838256819165e-06   1.547327409568208e-05
7.284004239922980e-08  -1.347224367354159e-06  -1.536401629466096e-05
8.009919763207375e-08   1.449857674959308e-06   1.526346556783772e-05
8.808179196460557e-08  -1.552692050090939e-06  -1.511208458166825e-05
9.685992250925397e-08   1.656284432144049e-06   1.497331870364205e-05
1.065128714941292e-07  -1.761657935230017e-06  -1.477700933020661e-05
1.171278223234277e-07   1.870158450548530e-06   1.460192305213648e-05
1.288006469995941e-07  -1.983294246648629e-06  -1.436526806621614e-05
1.416367720190751e-07   2.102564089914738e-06   1.416405436732868e-05
1.557521305622528e-07  -2.229310757737318e-06  -1.389931142786357e-05
1.712742095775383e-07   2.364640578735712e-06   1.368858420619113e-05
1.883432012166641e-07  -2.509421909265687e-06  -1.341135768980989e-05
2.071132690207019e-07   2.664342794306071e-06   1.320792624324585e-05
2.277539402927298e-07  -2.829989595555780e-06  -1.293001292298771e-05
2.504516372327622e-07   3.006913251480532e-06   1.274452507005725e-05
2.754113606638370e-07  -3.195669426252227e-06  -1.246972405316815e-05
3.028585415563174e-07   3.396840866305719e-06   1.230566665969634e-05
3.330410770729809e-07  -3.611055321786113e-06  -1.203159173372814e-05
3.662315695240386e-07   3.839005622943003e-06   1.188911230508952e-05
4.027297884538403e-07  -4.081466199752818e-06  -1.161136505738162e-05
4.428653780963272e-07   4.339299875122917e-06   1.149057302365972e-05
4.870008346523962e-07  -4.613450428457505e-06  -1.120363603483696e-05
5.355347802793109e-07   4.904927295032445e-06   1.110297393482285e-05
5.889055633621554e-07  -5.214791189335373e-06  -1.079673875747435e-05
6.475952175842209e-07   5.544154913168186e-06   1.071049225922322e-05
7.121338155538044e-07  -5.894199596087268e-06  -1.037103169734520e-05
7.831042563084790e-07   6.266202436970297e-06   1.029506610873251e-05
8.611475299365608e-07  -6.661558018637908e-06  -9.913414172350665e-06
9.469685068647088e-07   7.081789842986133e-06   9.853838815402886e-06
1.041342304099322e-06  -7.528541872478548e-06  -9.429895155274106e-06
1.145121285920239e-06   8.003556903467527e-06   9.401019443495364e-06
1.259242762255579e-06  -8.508633786866912e-06  -8.936116237280648e-06
1.384737454267802e-06   9.045592479497848e-06   8.951736859302795e-06
1.522738803610367e-06  -9.616261203948259e-06  -8.440916793077236e-06
1.674493209434266e-06   1.022252155096364e-05   8.510455779325827e-06
1.841371285602920e-06  -1.086637486515759e-05  -7.942012711706528e-06
2.024880239788189e-06   1.155001875448423e-05   8.074254802299430e-06
2.226677486252946e-06  -1.227587080100554e-05  -7.434696467270500e-06
2.448585615267984e-06   1.304657346345800e-05   7.642816648842507e-06
2.692608854363838e-06  -1.386495308148081e-05  -6.918274083303935e-06
2.960951170092142e-06   1.473401813880603e-05   7.219396629313773e-06
3.256036173787822e-06  -1.565694756839281e-05  -6.393381389861308e-06
3.580529011116689e-06   1.663715077238186e-05   6.808760999173057e-06
3.937360433110378e-06  -1.767828071402171e-05  -5.862982745189440e-06
4.329753266092978e-06   1.878429914657035e-05   6.420912162430656e-06
4.761251519570304e-06  -1.995943733557077e-05  -5.335713799060760e-06
5.235752394978102e-06   2.120823415569920e-05   6.071284246368857e-06
5.757541484385375e-06  -2.253544922314025e-05  -4.821133024426985e-06
6.331331477060257e-06   2.394611992736814e-05   5.772463577807342e-06
6.962304723487946e-06  -2.544545960035184e-05  -4.321022275907003e-06
7.656160041269817e-06   2.703898640450181e-05   5.529510962731191e-06
8.419164185644976e-06  -2.873242934495659e-05  -3.829927285455952e-06
9.258208449505048e-06   3.053195355337805e-05   5.343778894081914e-06
1.018087090410152e-05  -3.244401714882796e-05  -3.336693302950008e-06
1.119548484259094e-05   3.447565672741261e-05   5.209285671709436e-06
1.231121404458520e-05  -3.663422383697410e-05  -2.816335852100177e-06
1.353813554148094e-05   3.892776251925333e-05   5.106229736488585e-06
1.488733063008695e-05  -4.136460370865096e-05  -2.229987964713504e-06
1.637098495656519e-05   4.395390868232029e-05   5.010932531520813e-06
1.800249857462311e-05  -4.670507008308927e-05  -1.543767484139696e-06
1.979660697197936e-05   4.962849974172098e-05   4.922735592097522e-06
2.176951415818827e-05  -5.273474506074496e-05  -7.574543683946134e-07
2.393903901584477e-05   5.603563317932190e-05   4.885997308252075e-06
2.632477623698299e-05  -5.954297078623826e-05   9.309770668397733e-08
2.894827329821157e-05   6.327020804601162e-05   4.968655041908437e-06
3.183322507298884e-05  -6.723052637483463e-05   9.775704093164090e-07
3.500568783873448e-05   7.143925882610647e-05   5.216977163380675e-06
3.849431461164446e-05  -7.591107995451901e-05   1.906257524947388e-06
4.233061393470499e-05   8.066353015734433e-05   5.642346953332102e-06
4.654923445622278e-05  -8.571288970904039e-05   2.923434481029140e-06
5.118827786912642e-05   9.107931287869562e-05   6.244458469628350e-06
5.628964303744043e-05  -9.678077219329197e-05   4.079413856303055e-06
6.189940441800879e-05   1.028405413088340e-04   7.038520026498571e-06
6.806822819529511e-05  -1.092783140000057e-04   5.414680217443503e-06
7.485182988770060e-05   1.161211203441987e-04   8.060494944331253e-06
8.231147755840270e-05  -1.233903142846576e-04   6.968312913592730e-06
9.051454517561093e-05   1.311175090992165e-04   9.355185156130350e-06
9.953512112007229e-05  -1.393255189054305e-04   8.792176223384357e-06
1.094546773357366e-04   1.480516242987183e-04   1.097045865548069e-05
1.203628051672132e-04  -1.573196597933747e-04   1.095322333207534e-05
1.323580245299439e-04   1.671739880388771e-04   1.296417738420366e-05
1.455486737213506e-04  -1.776386459079633e-04   1.352799587425616e-05
1.600538879095432e-04   1.887670083642166e-04   1.541381200366568e-05
1.760046751370900e-04  -2.005820496174674e-04   1.660072384193364e-05
1.935450995580938e-04   2.131489579144857e-04   1.841997147882438e-05
2.128335825953212e-04  -2.264877366442824e-04   2.026912073003105e-05
2.340443337691579e-04   2.406793062382246e-04   2.210551672304511e-05
2.573689241213434e-04  -2.557376041179267e-04   2.465220942221532e-05
2.830180164443136e-04   2.717646455644554e-04   2.661736864799657e-05
3.112232679432146e-04  -2.887634254819832e-04   2.989536173822840e-05
3.422394225150394e-04   3.068646043678929e-04   3.213232110580544e-05
3.763466115419071e-04  -3.260528651282183e-04   3.617482594482103e-05
4.138528839787616e-04   3.464983356283099e-04   3.886373268637686e-05
4.550969885867208e-04  -3.681563775328206e-04   4.370446462896611e-05
5.004514334406108e-04   3.912521416052410e-04   4.706844302890467e-05
5.503258503435191e-04  -4.156952553697350e-04   5.274434571999963e-05
6.051706945350531e-04   4.417882828039744e-04   5.705562366374805e-05
6.654813131082850e-04  -4.693707283323586e-04   6.360999354022556e-05
7.318024188804728e-04   4.988549013178462e-04   6.919856766912473e-05
8.047330101246132e-04  -5.299740981465572e-04   7.668328514728211e-05
8.849317805958146e-04   5.632972168037640e-04   8.394822291556238e-05
9.731230687146970e-04  -5.983981201542243e-04   9.242681616786029e-05
1.070103399639604e-03   6.360703008313139e-04   1.018487845955144e-04
1.176748679314238e-03  -6.756498273302946e-04   1.114011335437031e-04
1.294022105465848e-03   7.182536629624953e-04   1.235573455065937e-04
1.422982867004445e-03  -7.628648911440259e-04   1.342848581478068e-04
1.564795710394167e-03   8.110678884696581e-04   1.498676619262224e-04
1.720741459398286e-03  -8.613236288904599e-04   1.618997849276840e-04
1.892228583209938e-03   9.158936600338050e-04   1.817379012620396e-04
2.080805917449529e-03  -9.724687649776548e-04   1.952416992037834e-04
2.288176652922169e-03   1.034293567545343e-03   2.203245877889620e-04
2.516213718478670e-03  -1.097925026760626e-03   2.355167181844915e-04
2.766976696914850e-03   1.168037243661937e-03   2.670244391354883e-04
3.042730426689990e-03  -1.239520643257603e-03   2.841848882706381e-04
3.345965457471272e-03   1.319130531388254e-03   3.235251219161621e-04
3.679420544254346e-03  -1.399310723206821e-03   3.430123532795142e-04
4.046107383222199e-03   1.489849562571212e-03   3.918676897535589e-04
4.449337812751394e-03  -1.579602309347674e-03   4.141333163467392e-04
4.892753725239476e-03   1.682780854751798e-03   4.745222262994887e-04
5.380359959910820e-03  -1.782980640112731e-03   5.001264810538308e-04
5.916560473681857e-03   1.900868915922405e-03   5.744760452366283e-04
6.506198116773342e-03  -2.012335870346910e-03   6.041111932887833e-04
7.154598372314579e-03   2.147473503496334e-03   6.953377041337534e-04
7.867617454986535e-03  -2.270889066841259e-03   7.298635797228439e-04
8.651695203120634e-03   2.426439457570971e-03   8.414652456887652e-04
9.513913241963630e-03  -2.562215420051550e-03   8.819528243262603e-04
1.046205894342679e-02   2.742183034952833e-03   1.018124731652973e-03
1.150469575999052e-02  -2.890261392840365e-03   1.065902978573756e-03
1.265124056800531e-02   3.099800300288151e-03   1.231683155383351e-03
1.391204871893762e-02  -3.259350857226141e-03   1.288386810459016e-03
1.529850756672552e-02   3.505205495093838e-03   1.489841519407945e-03
1.682313931596340e-02  -3.674172710258315e-03   1.557459803490981e-03
1.849971411981924e-02   3.965310626574665e-03   1.801912555421511e-03
2.034337444916063e-02  -4.139738650325030e-03   1.882845449381654e-03
2.237077185616560e-02   4.488262359241358e-03   2.179149281364812e-03
2.460021736763830e-02  -4.661294242426114e-03   2.276280583427097e-03
2.705184686635041e-02   5.083759325365117e-03   2.635135332482890e-03
2.974780295409754e-02  -5.244158243862472e-03   2.751927858029521e-03
3.271243493901982e-02   5.763483157849691e-03   3.186249126577850e-03
3.597251875342965e-02  -5.893453245986144e-03   3.326862059512359e-03
3.955749878839872e-02   6.541691318046123e-03   3.852213758365377e-03
4.349975382930274e-02  -6.613673304094213e-03   4.021635411191684e-03
4.783488949419837e-02   7.436041154998661e-03   4.656739764341880e-03
5.260205981627383e-02  -7.408009065250789e-03   4.860925667233624e-03
5.784432087483846e-02   8.468745595771147e-03   5.628257587483373e-03
6.360901966877180e-02  -8.277314667970900e-03   5.874261077316650e-03
6.994822174465536e-02   9.668205167903463e-03   6.800723111882190e-03
7.691918144183450e-02  -9.218548318547704e-03   7.096792112063695e-03
8.458485900156469e-02   1.107132357506540e-02   8.214452072188272e-03
9.301448921066349e-02  -1.022244393130105e-02   8.570038585776058e-03
1.022842067155374e-01   1.272680215529608e-02   9.916881689099844e-03
1.124777336542896e-01  -1.127006800802479e-02   1.034246793647235e-02
1.236871358174548e-01   1.469983053996089e-02   1.196305329516215e-02
1.360136541668492e-01  -1.232777617668802e-02   1.246962114896129e-02
1.495686192226351e-01   1.707875299894973e-02   1.441543192101280e-02
1.644744565771549e-01  -1.333990201591076e-02   1.501324787950850e-02
1.808657926171221e-01   1.998449243486315e-02   1.734235517342590e-02
1.988906704408197e-01  -1.421829371168560e-02   1.803848217679936e-02
2.187118869522148e-01   2.358373819470286e-02   2.081381761344761e-02
2.405084632083421e-01  -1.482760116032370e-02   2.160734309026994e-02
2.644772612998240e-01   2.810708047451080e-02   2.489229977447262e-02
2.908347623678516e-01  -1.496512380422282e-02   2.576553958006069e-02
3.198190218163038e-01   3.387321442302536e-02   2.961467509491694e-02
3.516918193780669e-01  -1.433435153470303e-02   3.051737110266814e-02
3.867410234545012e-01   4.131959123492098e-02   3.495844122438238e-02
4.252831910822741e-01  -1.251274602579928e-02   3.577998856776111e-02
4.676664270099092e-01   5.103745787350833e-02   4.078109826730666e-02
5.142735277066319e-01  -8.918289519700926e-03   4.130285745015720e-02
5.655254386995371e-01   6.380297769558445e-02   4.671501590165387e-02
6.218850564650201e-01  -2.788897684625384e-03   4.653076183321674e-02
6.838614092123558e-01   8.058181530268101e-02   5.199196486468964e-02
7.520142543193826e-01   6.790206156882212e-03   5.038064846254973e-02
8.269591339433623e-01   1.024543404644486e-01   5.516515485988877e-02
9.093729344682314e-01   2.073338204806540e-02   5.090096052934653e-02
1.000000000000000e+00   1.303497117692710e-01   5.370474646971766e-02
1.099658855126103e+00   3.951881975960873e-02   4.480843697750900e-02
1.209249597657251e+00   1.643745620689843e-01   4.350085483263331e-02
1.329762028121474e+00   6.218686679938456e-02   2.700779636681336e-02
1.462284589434224e+00   2.023784581667486e-01   1.850147060480727e-02
1.608014197485783e+00   8.434899410606132e-02  -9.481059185247232e-03
1.768267051433735e+00   2.373088575358529e-01  -2.878647686708867e-02
1.944490521336831e+00   9.483819839368990e-02  -7.201691801599090e-02
2.138276220496818e+00   2.532746060255461e-01  -1.041550388144556e-01
2.351374380574902e+00   7.159002104274344e-02  -1.627192708568376e-01
2.585709659315846e+00   2.222192506778304e-01  -2.025832442736199e-01
2.843398523651769e+00  -1.905573270964483e-02  -2.648757436759084e-01
3.126768365186156e+00   1.090141501356163e-01  -2.896768123096005e-01
3.438378520705125e+00  -2.067328188554215e-01  -3.204249235290653e-01
3.781043387568781e+00  -9.612246602135047e-02  -2.793713989892394e-01
4.157857842756007e+00  -4.615266320685089e-01  -2.177215915565538e-01
4.572225195142160e+00  -2.963866235183736e-01  -4.997516720753165e-02
5.027887923468749e+00  -5.963313340250359e-01   1.364346619405615e-01
5.528961477624004e+00  -2.082472282663639e-01   3.957582182746007e-01
6.079971448520338e+00  -2.777908167617539e-01   5.514593774068006e-01
6.685894442279269e+00   4.207178203208411e-01   6.000355888483448e-01
7.352203027890797e+00   4.291396414267995e-01   3.186791318366248e-01
8.084915164305059e+00   9.433230333912225e-01  -1.567831386495452e-01
8.890648553371371e+00   2.207290574116785e-01  -7.479109158787856e-01
9.776680409528907e+00  -9.583338573591282e-02  -8.488046630983653e-01
1.075101318607635e+01  -1.232100887731011e+00  -2.726822402365101e-01
1.182244685164636e+01  -5.002745008433491e-01   8.543192655839413e-01
1.300065836967064e+01   2.372029128753443e-01   1.089835857141487e+00
1.429628909867760e+01   1.649761387946455e+00  -1.818874039618337e-01
1.572104090280360e+01  -3.603783487843671e-01  -1.529241369785723e+00
1.728778184056764e+01  -1.261037499322814e+00   5.251114541647035e-02
1.901066238646844e+01  -1.442344716329911e-01   1.745104311752220e+00
2.090524323509275e+01   2.262432282201865e+00  -8.932643503069300e-01
2.298863584203481e+01  -2.440529947584088e+00  -1.200119921665596e+00
2.527965697096289e+01   1.102479711406938e+00   2.345925576744023e+00
2.779899864266967e+01   2.479466131565981e-01  -2.204932102497117e+00
3.056941502105021e+01  -9.331576113883502e-01   1.508712175144785e+00
3.361592792392278e+01   1.067534473089257e+00  -8.545543410651292e-01
3.696605281482250e+01  -9.516666382066644e-01   4.278678767318642e-01
4.065004731687878e+01   7.803309151688617e-01  -1.951651104274962e-01
4.470118449330081e+01  -6.296102325905817e-01   7.977247475727975e-02
4.915605336268389e+01   5.147217959418201e-01  -2.520612838163129e-02
5.405488936332660e+01  -4.305875729144710e-01   2.784167518927987e-05
5.944193775124387e+01   3.687952586818823e-01   1.128037363187448e-02
6.536585321400990e+01  -3.224307395760154e-01  -1.602490295449761e-02
7.188013930965907e+01   2.866508648266869e-01   1.762362316839732e-02
7.904363169956446e+01  -2.582226362549916e-01  -1.770082893251570e-02
8.692102953975237e+01   2.350036653885580e-01   1.704836442363811e-02
9.558347983006632e+01  -2.155613376127551e-01  -1.606262768958838e-02
1.051092199988997e+02   1.989230622019242e-01   1.494636952733606e-02
1.155842845271877e+02  -1.844173872024837e-01  -1.380448976967370e-02
1.271032819937369e+02   1.715729150417765e-01   1.269100072803114e-02
1.397702495600030e+02  -1.600532114574932e-01  -1.163280779532750e-02
1.536995926118425e+02   1.496142179147893e-01   1.064212005520605e-02
1.690171180448872e+02  -1.400759347576565e-01  -9.723104079214704e-03
1.858611705259540e+02   1.313033137405831e-01   8.875535347924807e-03
2.043838819929681e+02  -1.231931979853633e-01  -8.096840465660830e-03
2.247525456786157e+02   1.156652963349872e-01   7.383254655423208e-03
2.471511270676237e+02  -1.086558863590842e-01  -6.730481942741819e-03
2.717819254343092e+02   1.021133845398998e-01   6.134071407476349e-03
2.988674009670603e+02  -9.599520679521963e-02  -5.589629959028378e-03
3.286521839819514e+02   9.026552811021052e-02   5.092940278405305e-03
3.614052843722859e+02  -8.489367300426851e-02  -4.640022871665849e-03
3.974225212493519e+02   7.985295115753441e-02   4.227164339810403e-03
4.370291947183915e+02  -7.511980873410520e-02  -3.850924696369492e-03
4.805830239207090e+02   7.067320463855671e-02   3.508131500450960e-03
5.284773778776877e+02  -6.649414780698869e-02  -3.195865960368183e-03
5.811448283170228e+02   6.256535036073049e-02   2.911445078555397e-03
6.390610565695528e+02  -5.887096455317380e-02  -2.652403279346110e-03
7.027491498229519e+02   5.539638066390042e-02   2.416475780004171e-03
7.727843255351499e+02  -5.212806950810558e-02  -2.201584330908779e-03
8.497991266773804e+02   4.905345781230656e-02   2.005824944280696e-03
9.344891347292100e+02  -4.616082794260108e-02  -1.827457242918919e-03
1.027619252024106e+03   4.343923579804874e-02   1.664895134294627e-03
1.130030610186371e+03  -4.087844237105168e-02  -1.516697949517489e-03
1.242648167054996e+03   3.846885569150211e-02   1.381560747765788e-03
1.366489060708247e+03  -3.620148075223817e-02  -1.258303255733349e-03
1.502671796040775e+03   3.406787567046667e-02   1.145858434825516e-03
1.652426346864483e+03  -3.206011282083423e-02  -1.043262154695598e-03
1.817105264773206e+03   3.017074400183465e-02   9.496442040538239e-04
1.998195895104117e+03  -2.839276891085451e-02  -8.642195933510369e-04
2.197333810327873e+03   2.671960636084829e-02   7.862796001679923e-04
2.416317582195026e+03  -2.514506780695629e-02  -7.151834263282333e-04
2.657125026057655e+03   2.366333286889083e-02   6.503513738625369e-04
2.921931064081479e+03  -2.226892662563566e-02  -5.912587839952813e-04
3.213127368685231e+03   2.095669851005093e-02   5.374288656004424e-04
3.533343963622751e+03  -1.972180264944338e-02  -4.884237630780368e-04
3.885472977804124e+03   1.855967952000187e-02   4.438356860452133e-04
4.272694766395488e+03  -1.746603882090155e-02  -4.032810043390997e-04
4.698506635117757e+03   1.643684349199548e-02   3.663989461792944e-04
5.166754427175994e+03  -1.546829477807993e-02  -3.328543851032324e-04
5.681667258106072e+03   1.455681821726215e-02   3.023426261704347e-04
6.247895712256392e+03  -1.369905043585772e-02  -2.745931892233651e-04
6.870553845887155e+03   1.289182666256661e-02   2.493695597793403e-04
7.555265376250504e+03  -1.213216891026715e-02  -2.264636820007668e-04
8.308214473821519e+03   1.141727480509518e-02   2.056871084893267e-04
9.136201616424696e+03  -1.074450706385705e-02  -1.868627139954570e-04
1.004670500971882e+04   1.011138362578673e-02   1.698200748261868e-04
1.104794812877709e+04  -9.515568434992541e-03  -1.543950057071412e-04
1.214897399078357e+04   8.954862851811404e-03   1.404316008452683e-04
1.335972682966187e+04  -8.427197646151262e-03  -1.277847843600985e-04
1.469114191030346e+04   7.930625498870823e-03   1.163222988707842e-04
1.615524429357940e+04  -7.463313926166862e-03  -1.059257934501936e-04
1.776525744416004e+04   7.023538562190149e-03   9.649068017221013e-05
1.953572266206552e+04  -6.609676775790488e-03  -8.792441846654285e-05
2.148263041662801e+04   6.220201627706233e-03   8.014346129696588e-05
2.362356476904637e+04  -5.853676177845857e-03  -7.307009034780369e-05
2.597786218792689e+04   5.508748140447998e-03   6.663106717837242e-05
2.856678619219933e+04  -5.184144875714356e-03  -6.075938522170574e-05
3.141371939874610e+04   4.878668701343701e-03   5.539822193643006e-05
3.454437470927775e+04  -4.591192499582146e-03  -5.050427628106261e-05
3.798702754385149e+04   4.320655587950222e-03   4.604804125018462e-05
4.177277121851550e+04  -4.066059823272036e-03  -4.201061458602852e-05
4.593579777359733e+04   3.826465918940025e-03   3.837817486518200e-05
5.051370678901826e+04  -3.600989965823915e-03  -3.513559082809176e-05
5.554784497578751e+04   3.388800151556466e-03   3.226079373650442e-05
6.108367961079667e+04  -3.189113672657683e-03  -2.972163988296620e-05
6.717120918769839e+04   3.001193833090605e-03   2.747604349368696e-05
7.386541499278042e+04  -2.824347321567115e-03  -2.547449697103353e-05
8.122675768437530e+04   2.657921657084559e-03   2.366358407874955e-05
8.932172336080558e+04  -2.501302789453364e-03  -2.199022414951037e-05
9.822342404883401e+04   2.353912841312510e-03   2.040722849984953e-05
1.080122580361064e+05  -2.215207980404112e-03  -1.887986526429048e-05
1.187766360115701e+05   2.084676414290291e-03   1.739150593500115e-05
1.306137795722129e+05  -1.961836502588783e-03  -1.594570919821283e-05
1.436305993080729e+05   1.846234982535470e-03   1.456293955353814e-05
1.579446603961915e+05  -1.737445301697302e-03  -1.327237711981726e-05
1.736852444245569e+05   1.635066049040852e-03   1.210191094758502e-05
1.909945170362057e+05  -1.538719475623248e-03  -1.107055329123273e-05
2.100288119393971e+05   1.448050099380886e-03   1.018599494527819e-05
2.309600428807727e+05  -1.362723391425536e-03  -9.446732728569548e-06
2.539772563341463e+05   1.282424540880183e-03   8.845647076873882e-06
2.792883389284763e+05  -1.206857292918672e-03  -8.372216686790610e-06
3.071218950361589e+05   1.135742853839018e-03   8.013159282610823e-06
3.377293114796219e+05  -1.068818858721894e-03  -7.753133645178163e-06
3.713870280042076e+05   1.005838399422039e-03   7.576432722043398e-06
4.083990340237931e+05  -9.465691112214001e-04  -7.468830093872313e-06
4.490996141892110e+05   8.907923154941191e-04   7.418107311469552e-06
4.938563675768817e+05  -8.383022145823728e-04  -7.412767416737676e-06
5.430735277663299e+05   7.889051346894440e-04   7.440011386509294e-06
5.971956137928166e+05  -7.424188130127174e-04  -7.484635044283664e-06
6.567114449497383e+05   6.986717262292931e-04   7.529425497140131e-06
7.221585557016386e+05  -6.575024581926733e-04  -7.556246853467662e-06
7.941280505823843e+05   6.187591047945998e-04   7.546978888488720e-06
8.732699429269477e+05  -5.822987136686772e-04  -7.484443403466015e-06
9.602990256550852e+05   5.479867564542296e-04   7.353829840238931e-06
1.056001327130584e+06  -5.156966318555281e-04  -7.144458110830936e-06
1.161241210404062e+06   4.853091982012345e-04   6.851061543130811e-06
1.276969179958181e+06  -4.567123341714300e-04  -6.474223369227419e-06
1.404230466464131e+06   4.298005259816778e-04   6.020640004049169e-06
1.544174467085141e+06  -4.044744790551956e-04  -5.503796462783514e-06
1.698065126589807e+06   3.806407522738502e-04   4.944233105379788e-06
1.867292353035306e+06  -3.582114132276843e-04  -4.367961630338038e-06
2.053384571124533e+06   3.371037133127995e-04   3.802847933285844e-06
2.258022526616409e+06  -3.172397817468176e-04  -3.274212863452358e-06
2.483054466467948e+06   2.985463374264674e-04   2.801082379781716e-06
2.730512831811902e+06  -2.809544173688782e-04  -2.394304111474628e-06
3.002632614537411e+06   2.643991206956540e-04   2.057660622354264e-06
3.301871543266503e+06  -2.488193676787240e-04  -1.792014674462885e-06
3.630932281041903e+06   2.341576737349979e-04   1.600309790767040e-06
3.992786835210945e+06  -2.203599380154558e-04  -1.490004264896332e-06
4.390703399970646e+06   2.073752455409625e-04   1.470861438204534e-06
4.828275874010011e+06  -1.951556812983906e-04  -1.549024862704097e-06
5.309456319846827e+06   1.836561548054073e-04   1.720674705865420e-06
5.838590658024817e+06  -1.728342342488136e-04  -1.968714833812948e-06
6.420457918553535e+06   1.626499898310491e-04   2.263913719747939e-06
7.060313404101893e+06  -1.530658460737416e-04  -2.569436519621943e-06
7.763936154786171e+06   1.440464426955128e-04   2.846821174913007e-06
8.537681143244324e+06  -1.355585036161965e-04  -3.062142363423440e-06
9.388536671411762e+06   1.275707136819895e-04   3.191506657749859e-06
1.032418748739408e+07  -1.200536027285213e-04  -3.224581334134399e-06
1.135308419249504e+07   1.129794365815728e-04   3.165000349530554e-06
1.248451956526934e+07  -1.063221146108472e-04  -3.027744051806499e-06
1.372871249194350e+07   1.000570734949858e-04   2.834694189383818e-06
1.509690026124605e+07  -9.416119686244207e-05  -2.609749350494529e-06
1.660144005723478e+07   8.861273043083695e-05   2.374653030786580e-06
1.825592056678340e+07  -8.339120221067994e-05  -2.146279135865408e-06
2.007528470974215e+07   7.847734730539125e-05   1.935330475083363e-06
2.207596460024559e+07  -7.385303688505763e-05  -1.745828142696292e-06
2.427602995811041e+07   6.950121105100616e-05   1.575236936968939e-06
2.669535131074274e+07  -6.540581546107905e-05  -1.416013922329550e-06
2.935577945956044e+07   6.155174165890432e-05   1.259318409502511e-06
3.228134283183457e+07  -5.792477102610575e-05  -1.100113244233588e-06
3.549846450038852e+07   5.451152221654109e-05   9.410699739097717e-07
3.903620083123180e+07  -5.129940188145374e-05  -7.924596036830598e-07
4.292650391454494e+07   4.827655843562163e-05   6.674986354507494e-07
4.720451014923478e+07  -4.543183855105308e-05  -5.759439576425730e-07
5.190885758749597e+07   4.275474607475218e-05   5.201376470539767e-07
5.708203490556967e+07  -4.023540320295300e-05  -4.958521149219669e-07
6.277076515252714e+07   3.786451389972717e-05   4.968861570696705e-07
6.902642774301739e+07  -3.563332957269838e-05  -5.201376546764945e-07
7.590552250533110e+07   3.353361691763475e-05   5.680874517337957e-07
8.347017997596124e+07  -3.155762774924427e-05  -6.476758417845987e-07
9.178872254953519e+07   2.969807062617112e-05   7.666958406725774e-07
1.009362815523093e+08  -2.794808410995567e-05  -9.294975387600607e-07
1.109954758124983e+08   2.630121151787229e-05   1.133228200791028e-06
1.220571578561492e+08  -2.475137704630406e-05  -1.365563006504285e-06
1.342212344680389e+08   2.329286318387569e-05   1.605190106576952e-06
1.475975690287357e+08  -2.192028939321493e-05  -1.825695639038146e-06
1.623069737775358e+08   2.062859207259327e-05   2.001436016286443e-06
1.784823009631873e+08  -1.941300578777201e-05  -2.112566732698138e-06
1.962696427374508e+08   1.826904570832050e-05   2.147590628351366e-06
2.158296506286749e+08  -1.719249113666637e-05  -2.104276900366494e-06
2.373389865125952e+08   1.617937001166837e-05   1.990524948310489e-06
2.609919181852297e+08  -1.522594429630232e-05  -1.825121292689841e-06
2.870020739487360e+08   1.432869619293261e-05   1.636841282531044e-06
3.156043720572838e+08  -1.348431514822722e-05  -1.460884274849098e-06
3.470571424493049e+08   1.268968561560221e-05   1.333233799913604e-06
3.816444599291403e+08  -1.194187554794177e-05  -1.284271861776232e-06
4.196787098708979e+08   1.123812559543480e-05   1.332582358180179e-06
4.615034096174309e+08  -1.057583897135925e-05  -1.479588446575088e-06
5.074963110566983e+08   9.952571928920077e-06   1.706376667684837e-06
5.580728123973287e+08  -9.366024786065420e-06  -1.974966486688615e-06
6.136897099578503e+08   8.814033449847659e-06   2.235381164425016e-06
6.748493238549215e+08  -8.294561412310765e-06  -2.436739518420842e-06
7.421040348529267e+08   7.805692202122783e-06   2.537929500304453e-06
8.160612733508301e+08  -7.345622279264520e-06  -2.514003617946490e-06
8.973890055657258e+08   6.912654355788464e-06   2.357475540929001e-06
9.868217664631569e+08  -6.505191118069142e-06  -2.076220907296449e-06
1.085167293922392e+09   6.121729323201997e-06   1.690183203579621e-06
1.193313824054988e+09  -5.760854248417804e-06  -1.228236424305994e-06
1.312238113566463e+09   5.421234478300124e-06   7.254768690815435e-07
1.443014261617332e+09  -5.101617009901882e-06  -2.204472290016658e-07
1.586823410860753e+09   4.800822646167135e-06  -2.484718379400915e-07
1.744964415274437e+09  -4.517741648025717e-06   6.478081445435230e-07
1.918865571136475e+09   4.251329628341728e-06  -9.540075584969148e-07
2.110097517096829e+09  -4.000603683148808e-06   1.156863204197333e-06
2.320387419855137e+09   3.764638756304900e-06  -1.259958368650068e-06
2.551634573566909e+09  -3.542564226345866e-06   1.278195568002736e-06
2.805927553868766e+09   3.333560698953710e-06  -1.233378700121944e-06
3.085563081454121e+09  -3.136856988686476e-06   1.148676787526175e-06
3.393066765571205e+09   2.951727276827061e-06  -1.042802119635343e-06
3.731215914794456e+09  -2.777488435826684e-06   9.254711911091067e-07
4.103064621091177e+09   2.613497513360022e-06  -7.960649679105933e-07
4.511971343737535e+09  -2.459149368278866e-06   6.462125216032012e-07
4.961629242216197e+09   2.313874447883890e-06  -4.649724778713449e-07
5.456099532055670e+09  -2.177136694710908e-06   2.441092104183003e-07
5.999848164874397e+09   2.048431572667469e-06   1.868493985474541e-08
6.597786163916223e+09  -1.927284204758473e-06  -3.194628733775932e-07
7.255313979378973e+09   1.813247616245777e-06   6.498918786796644e-07
7.978370264144282e+09  -1.705901079034481e-06  -9.996705476756540e-07
8.773485510441036e+09   1.604848553527228e-06   1.358252357379558e-06
9.647841031877066e+09  -1.509717223666689e-06  -1.715918878739438e-06
1.060933382355256e+10   1.420156119370289e-06   2.064923358321897e-06
1.166664788605844e+10  -1.335834820016856e-06  -2.400858984963648e-06
1.282933265754237e+10   1.256442234951006e-06   2.723395365281677e-06
1.410788926222501e+10  -1.181685456128025e-06  -3.035196331032546e-06
1.551386535434417e+10   1.111288676892987e-06   3.338643928525930e-06
1.705995941413861e+10  -1.044992172405241e-06  -3.631533371486772e-06
1.876013543784949e+10   9.825513393481762e-07   3.904130993548243e-06
2.062974905759618e+10  -9.237357933971897e-07  -4.139831345008151e-06
2.268568623021499e+10   8.683285212104373e-07   4.319796485239589e-06
2.494651574766827e+10  -8.161250831545758e-07  -4.429412335736343e-06
2.743265694646616e+10   7.669328630553843e-07   4.463099495294983e-06
3.016656413081807e+10  -7.205703605348671e-07  -4.425185636429804e-06
3.317292937518365e+10   6.768665218548227e-07   4.327185563233206e-06
3.647890553789348e+10  -6.356601082847431e-07  -4.183682112058815e-06
4.011435150005315e+10   5.967991030550851e-07   4.009026274927233e-06
4.411210184467462e+10  -5.601401552062655e-07  -3.816065958497831e-06
4.850826341172090e+10   5.255480561062212e-07   3.617050761056201e-06
5.334254140748837e+10  -4.928952460659735e-07  -3.425971229697643e-06
5.865859801367554e+10   4.620613501444217e-07   3.260772021627054e-06
6.450444673502067e+10  -4.329327405101518e-07  -3.143311389863823e-06
7.093288604717545e+10   4.054021239180187e-07   3.095486258178091e-06
7.800197626142746e+10  -3.793681579064327e-07  -3.132275257276740e-06
8.577556391321468e+10   3.547350993344619e-07   3.255188314712704e-06
9.432385841060141e+10  -3.314124829852402e-07  -3.449944207123177e-06
1.037240661508788e+11   3.093148271853663e-07   3.689380419331001e-06
1.140610878324995e+11  -2.883613713159475e-07  -3.939307652702181e-06
1.254282852603241e+11   2.684758528630320e-07   4.164229695692462e-06
1.379283245697981e+11  -2.495863260342058e-07  -4.331479577412883e-06
1.516741034858860e+11   2.316250244413231e-07   4.414110342933081e-06
1.667897709915673e+11  -2.145282802422723e-07  -4.393467845736048e-06
1.834118486153316e+11   1.982365164330169e-07   4.261939450428174e-06
2.016904634648982e+11  -1.826943245023923e-07  -4.025227833561406e-06
2.217907041436628e+11   1.678506431892942e-07   3.702213535114111e-06
2.438941117962321e+11  -1.536590646985763e-07  -3.320616198107725e-06
2.682003197498430e+11   1.400782953273800e-07   2.909132334933439e-06
2.949288565605668e+11  -1.270727884794868e-07  -2.489740793035523e-06
3.243211287490431e+11   1.146135666342606e-07   2.074491786680098e-06
3.566426011333790e+11  -1.026792513877522e-07  -1.668385069961250e-06
3.921851944515266e+11   9.125729806412655e-08   1.275834595099470e-06
4.312699219279733e+11  -8.034537960134519e-08  -9.059219147765586e-07
4.742497885976400e+11   6.995280306790059e-08   5.729879334963921e-07
5.215129795730765e+11  -6.010176816322779e-08  -2.927551120734085e-07
5.734863660507314e+11   5.082816448601466e-08   7.694258119528258e-08
6.306393607217781e+11  -4.218145138533012e-08   7.047419904575634e-08
6.934881574087671e+11   3.422301806844069e-08  -1.538374630535126e-07
7.626003932196346e+11  -2.702234929053260e-08   1.836543837730242e-07
8.386002753266213e+11   2.065039505532909e-08  -1.734417502848936e-07
9.221742186741061e+11  -1.516986572337718e-08   1.373082222203108e-07
1.014077045533975e+12   1.062287966342394e-08  -8.884437236765175e-08
1.115138802901554e+12  -7.017537133414707e-09   4.052785480829440e-08
1.226272259305415e+12   4.316406487987238e-09  -2.506316590284845e-09
1.348481148740691e+12  -2.431042249536996e-09  -1.938722282380230e-08
1.482869236183318e+12   1.226580375862224e-09   2.515252321893277e-08
1.630650286563071e+12  -5.382153970216142e-10  -2.002434723520940e-08
1.793159027232996e+12   1.968534210247343e-10   1.132162520918844e-08
1.971863202946070e+12  -5.617276256001430e-11  -4.487826026291201e-09
2.168376832216971e+12   1.110014404476413e-11   1.131156449938913e-09
2.384474784797678e+12  -1.138077570686847e-12  -1.373736852774400e-10
